0   0
12  0
24  0
36  0
48  0
60  0
72  0
84  0
96  0
108 0
120 0
132 0
144 0
156 0
168 0
180 0
192 0
204 0
216 0
228 0
240 0
252 0
264 0
276 0
288 0
300 0
312 0
324 0
336 0
348 0
360 0
372 0
384 0
396 0
408 0
420 0
432 0
444 0
456 0
468 0
480 0
0   12
48	12
72	12
120	12
288	12
312	12
360	12
408	12
432	12
480	12
0   24
12	24
24	24
48	24
72	24
96	24
108	24
120	24
132	24
144	24
156	24
168	24
180	24
192	24
216	24
240	24
264	24
276	24
288	24
312	24
336	24
348	24
360	24
384	24
396	24
408	24
432	24
456	24
480	24
0   36
72  36
96  36
216 36
240	36
264	36
336	36
384	36
456	36
480	36
0   48
24	48
48	48
60	48
72	48
96	48
108	48
120	48
144	48
156	48
168	48
192	48
204	48
216	48
240	48
252	48
264	48
288	48
300	48
312	48
336	48
360	48
372	48
384	48
396	48
408	48
420	48
432	48
444	48
456	48
480	48
0   60
24	60
72	60
120	60
144	60
192	60
240	60
264	60
288	60
408	60
480	60
0   72
24	72
48	72
60	72
72	72
96	72
108	72
120	72
132	72
144	72
156	72
168	72
192	72
204	72
216	72
228	72
240	72
264	72
276	72
288	72
312	72
324	72
336	72
348	72
360	72
372	72
384	72
396	72
408	72
432	72
444	72
456	72
468	72
480	72
0   84 
24	84
48	84
168	84
336	84
360	84
384	84
432	84
480	84
0	96
24	96
36	96
48	96
72	96
84	96
96	96
120	96
144	96
168	96
192	96
204	96
216	96
228	96
240	96
264	96
276	96
288	96
300	96
312	96
336	96
360	96
384	96
396	96
408	96
432	96
456	96
468	96
480	96
0	108
48	108
72	108
96	108
120	108
144	108
216	108
240	108
288	108
432	108
480	108
0	120
24	120
36	120
48	120
72	120
96	120
120	120
144	120
156	120
168	120
180	120
192	120
204	120
216	120
240	120
252	120
264	120
276	120
288	120
300	120
312	120
336	120
360	120
372	120
384	120
396	120
408	120
420	120
432	120
456	120
468	120
480	120
0	132
72	132
120	132
144	132
192	132
216	132
264	132
336	132
360	132
384	132
480	132
0	144
24	144
36	144
48	144
72	144
84	144
96	144
120	144
132	144
144	144
168	144
180	144
192	144
216	144
228	144
240	144
264	144
276	144
288	144
312	144
324	144
336	144
360	144
384	144
396	144
408	144
420	144
432	144
456	144
480	144
0	156
48	156
72	156
120	156
192	156
216	156
240	156
288	156
312	156
456	156
480	156
0	168
24	168
36	168
48	168
72	168
84	168
96	168
108	168
120	168
144	168
156	168
168	168
180	168
192	168
216	168
240	168
252	168
264	168
288	168
312	168
324	168
336	168
360	168
372	168
384	168
396	168
408	168
420	168
432	168
456	168
480	168
0	180
24	180
72	180
96	180
168	180
216	180
312	180
384	180
432	180
456	180
480	180
0	192
12	192
24	192
48	192
72	192
96	192
108	192
120	192
144	192
168	192
180	192
192	192
216	192
228	192
240	192
252	192
264	192
276	192
288	192
312	192
324	192
336	192
360	192
384	192
408	192
420	192
432	192
456	192
468	192
480	192
0	204
48	204
120	204
144	204
168	204
192	204
216	204
336	204
360	204
432	204
456	204
480	204
0	216
24	216
48	216
60	216
72	216
84	216
96	216
120	216
132	216
144	216
168	216
192	216
216	216
240	216
252	216
264	216
276	216
288	216
312	216
336	216
348	216
360	216
372	216
384	216
408	216
420	216
432	216
456	216
480	216
0	228
24	228
72	228
120	228
144	228
240	228
264	228
312	228
384	228
408	228
432	228
480	228
0	240
12	240
24	240
48	240
72	240
96	240
108	240
120	240
144	240
156	240
168	240
192	240
216	240
228	240
240	240
264	240
276	240
288	240
312	240
324	240
336	240
360	240
384	240
396	240
408	240
432	240
444	240
456	240
468	240
480	240
0	252
24	252
48	252
72	252
144	252
168	252
192	252
288	252
312	252
336	252
360	252
384	252
408	252
456	252
480	252
0	264
24	264
36	264
48	264
72	264
84	264
96	264
108	264
120	264
144	264
168	264
192	264
204	264
216	264
228	264
240	264
264	264
288	264
300	264
312	264
336	264
360	264
372	264
384	264
408	264
420	264
432	264
456	264
480	264
0	276
24	276
96	276
120	276
144	276
216	276
264	276
288	276
360	276
384	276
432	276
456	276
480	276
0	288
24	288
48	288
60	288
72	288
96	288
120	288
132	288
144	288
168	288
180	288
192	288
216	288
228	288
240	288
252	288
264	288
288	288
300	288
312	288
324	288
336	288
360	288
384	288
408	288
420	288
432	288
456	288
480	288
0	300
48	300
144	300
192	300
264	300
288	300
336	300
360	300
480	300
0	312
12	312
24	312
36	312
48	312
72	312
84	312
96	312
108	312
120	312
132	312
144	312
168	312
180	312
192	312
216	312
228	312
240	312
252	312
264	312
288	312
312	312
324	312
336	312
360	312
372	312
384	312
408	312
420	312
432	312
444	312
456	312
480	312
0	324
24	324
72	324
120	324
168	324
216	324
264	324
336	324
456 324
480 324
0	336
24	336
48	336
72	336
96	336
120	336
144	336
156	336
168	336
192	336
216	336
228	336
240	336
264	336
288	336
300	336
312	336
336	336
360	336
372	336
384	336
396	336
408	336
432	336
444	336
456	336
468	336
480	336
0	348
48	348
72	348
96	348
168	348
192	348
216	348
288	348
336	348
408	348
480	348
0	360
12	360
24	360
36	360
48	360
60	360
72	360
84	360
96	360
108	360
120	360
132	360
144	360
156	360
168	360
180	360
192	360
204	360
216	360
228	360
240	360
252	360
264	360
276	360
288	360
300	360
312	360
324	360
336	360
348	360
360	360
372	360
384	360
396	360
408	360
420	360
432	360
444	360
456	360
468	360
480	360
